lr0: 0.00413
lrf: 0.00907
momentum: 0.92209
weight_decay: 0.00044
warmup_epochs: 10.0
warmup_momentum: 0.34853
box: 7.5
cls: 0.53098
dfl: 1.18227
hsv_h: 0.01493
hsv_s: 0.49406
hsv_v: 0.34216
degrees: 0.0
translate: 0.09661
scale: 0.29935
shear: 0.0
perspective: 0.0
flipud: 0.0
fliplr: 0.5263
bgr: 0.0
mosaic: 1.0
mixup: 0.0
cutmix: 0.0
copy_paste: 0.0
close_mosaic: 10
